3001
3105
3113
1052
3301
3007
3003
3504
3174
3093
1038
3751
3060
3102
3254
3251
3253
3252
3250
3006
3144
3153
1026
3274
3271
3273
3272
3270
3117
1001
3284
3281
3283
3282
3280
3009
1051
3010
1031
3028
1018
1029
3801
2041
1042
3137
2054
1075
1055
1076
1056
1074
1054
2138
2137
2139
2140
3184
3508
2050
3401
1004
3363
3108
3114
3092
3098
3110
3022
1011
3024
3460
3361
3362
3159
3026
2051
3124
3136
2003
3155
3146
3145
3187
1039
3025
3031
3279
3276
3278
3277
3275
3158
3067
3035
3151
3100
3190
1036
3104
3285
3286
3106
2004
3008
3004
3156
3041
3139
3269
3266
3268
3267
3265
3111
3222
3170
3165
3042
3043
3115
1058
1057
3264
3261
3263
3262
3260
3047
3096
1033
3180
3056
2047
3364
3112
3084
3198
3044
3046
1037
3721
3722
3720
3719
3711
2052
1062
1063
3200
3140
3089
3143
3725
3726
3724
3723
3713
2053
3074
1043
1006
3302
3800
3029
3027
1028
2045
3085
3116
3181
1027
3342
3191
3040
3048
3057
2049
3717
3718
3716
3714
3715
3259
3256
3258
3257
3255
3020
3345
3211
3303
3065
3709
3710
3708
3707
3706
3087
2044
3101
3068
3341
3141
3069
3097
3073
3070
3071
3599
3072
3134
13196
23197
3185
3075
3077
2009
2010
3078
3023
3290
1053
2043
3135
3082
3340
3083
3122
3152
3091
3090
3154
3142
3086
3050
3172
3157
3512